{{0, 13, 0},
{13, 0, 0},
{1, 15, 1},
{15, 1, 1},
{2, 12, 2},
{12, 2, 2},
{3, 4, 3},
{4, 3, 3},
{4, 5, 4},
{5, 4, 4},
{5, 6, 5},
{6, 5, 5},
{6, 7, 6},
{7, 6, 6},
{6, 23, 7},
{23, 6, 7},
{7, 8, 8},
{8, 7, 8},
{7, 21, 9},
{21, 7, 9},
{8, 9, 10},
{9, 8, 10},
{9, 10, 11},
{10, 9, 11},
{10, 11, 12},
{11, 10, 12},
{10, 16, 13},
{16, 10, 13},
{11, 12, 14},
{12, 11, 14},
{12, 15, 15},
{15, 12, 15},
{13, 15, 16},
{15, 13, 16},
{14, 15, 17},
{15, 14, 17},
{15, 17, 18},
{17, 15, 18},
{16, 21, 19},
{21, 16, 19},
{17, 18, 20},
{18, 17, 20},
{17, 33, 21},
{33, 17, 21},
{18, 19, 22},
{19, 18, 22},
{19, 20, 23},
{20, 19, 23},
{20, 35, 24},
{35, 20, 24},
{21, 22, 25},
{22, 21, 25},
{21, 30, 26},
{30, 21, 26},
{22, 26, 27},
{26, 22, 27},
{22, 27, 28},
{27, 22, 28},
{23, 24, 29},
{24, 23, 29},
{24, 25, 30},
{25, 24, 30},
{25, 26, 31},
{26, 25, 31},
{25, 36, 32},
{36, 25, 32},
{25, 38, 33},
{38, 25, 33},
{25, 39, 34},
{39, 25, 34},
{25, 40, 35},
{40, 25, 35},
{25, 81, 36},
{81, 25, 36},
{25, 82, 37},
{82, 25, 37},
{27, 28, 38},
{28, 27, 38},
{28, 29, 39},
{29, 28, 39},
{28, 96, 40},
{96, 28, 40},
{30, 31, 41},
{31, 30, 41},
{31, 32, 42},
{32, 31, 42},
{31, 34, 43},
{34, 31, 43},
{31, 89, 44},
{89, 31, 44},
{32, 33, 45},
{33, 32, 45},
{34, 35, 46},
{35, 34, 46},
{35, 95, 47},
{95, 35, 47},
{37, 38, 48},
{38, 37, 48},
{40, 41, 49},
{41, 40, 49},
{41, 43, 50},
{43, 41, 50},
{42, 43, 51},
{43, 42, 51},
{43, 44, 52},
{44, 43, 52},
{43, 45, 53},
{45, 43, 53},
{43, 78, 54},
{78, 43, 54},
{45, 46, 55},
{46, 45, 55},
{46, 47, 56},
{47, 46, 56},
{47, 48, 57},
{48, 47, 57},
{48, 49, 58},
{49, 48, 58},
{48, 50, 59},
{50, 48, 59},
{50, 51, 60},
{51, 50, 60},
{51, 52, 61},
{52, 51, 61},
{52, 53, 62},
{53, 52, 62},
{52, 74, 63},
{74, 52, 63},
{53, 56, 64},
{56, 53, 64},
{54, 55, 65},
{55, 54, 65},
{55, 56, 66},
{56, 55, 66},
{56, 57, 67},
{57, 56, 67},
{57, 58, 68},
{58, 57, 68},
{58, 59, 69},
{59, 58, 69},
{59, 60, 70},
{60, 59, 70},
{59, 76, 71},
{76, 59, 71},
{60, 61, 72},
{61, 60, 72},
{60, 62, 73},
{62, 60, 73},
{62, 63, 74},
{63, 62, 74},
{62, 88, 75},
{88, 62, 75},
{62, 93, 76},
{93, 62, 76},
{63, 64, 77},
{64, 63, 77},
{64, 65, 78},
{65, 64, 78},
{65, 66, 79},
{66, 65, 79},
{65, 67, 80},
{67, 65, 80},
{65, 68, 81},
{68, 65, 81},
{68, 69, 82},
{69, 68, 82},
{69, 70, 83},
{70, 69, 83},
{69, 71, 84},
{71, 69, 84},
{69, 85, 85},
{85, 69, 85},
{71, 72, 86},
{72, 71, 86},
{72, 73, 87},
{73, 72, 87},
{72, 80, 88},
{80, 72, 88},
{73, 74, 89},
{74, 73, 89},
{73, 75, 90},
{75, 73, 90},
{73, 78, 91},
{78, 73, 91},
{75, 76, 92},
{76, 75, 92},
{76, 77, 93},
{77, 76, 93},
{78, 79, 94},
{79, 78, 94},
{80, 80, 95},
{80, 80, 95},
{80, 81, 96},
{81, 80, 96},
{80, 83, 97},
{83, 80, 97},
{83, 84, 98},
{84, 83, 98},
{84, 85, 99},
{85, 84, 99},
{85, 86, 100},
{86, 85, 100},
{85, 96, 101},
{96, 85, 101},
{86, 87, 102},
{87, 86, 102},
{87, 88, 103},
{88, 87, 103},
{87, 90, 104},
{90, 87, 104},
{87, 91, 105},
{91, 87, 105},
{87, 96, 106},
{96, 87, 106},
{89, 96, 107},
{96, 89, 107},
{91, 92, 108},
{92, 91, 108},
{91, 93, 109},
{93, 91, 109},
{93, 94, 110},
{94, 93, 110},
{94, 95, 111},
{95, 94, 111},
};